num_posts,follower_ratio,default_profile_picture,link_in_description,bot_or_not
0,1.253076512,1,0,1
0,0.230263158,1,0,1
0,0.136585366,1,0,1
0,0.12206333,1,0,1
0,0.462562848,1,0,1
0,0.211320755,1,0,1
0,2.966101695,0,0,1
96,2.27,0,1,1
56,0.282173499,0,1,1
0,0,0,0,1
0,0.15625,1,0,1
1,0.085271318,0,1,1
1,0.060606061,0,1,1
1,0.078797304,0,1,1
3,0.065732759,0,1,1
1,0.085271318,0,1,1
7,0.223828803,0,1,1
0,0.032116788,1,0,1
6,0.2,0,1,1
1,0.074753173,0,1,1
25,0.165925926,0,1,1
31,0.146919431,1,0,1
0,0.147945205,0,1,1
0,0,0,1,1
0,0.51372549,0,1,1
0,0.87804878,1,0,1
0,0.72,0,0,1
0,0,0,0,1
1,0.052631579,0,0,1
1,0.1,0,0,1
0,0.071823204,0,0,1
0,0.000713776,0,0,1
0,0,0,0,1
0,0.239285714,0,1,1
0,0.174698795,1,0,1
0,0.333333333,1,0,1
341,0.998027613,0,0,0
54,1.214076246,0,0,0
88,1.897746967,0,0,0
512,1.004619908,0,0,0
21,1.110465116,0,0,0
168,0.825742574,0,0,0
120,0.332840237,0,0,0
558,0.680722892,0,0,0
170,0.40633387,0,0,0
31,6.188235294,0,0,0
527,0.461360124,0,0,0
112,0.818913481,0,0,0
227,3.781967213,0,0,0
309,1.437041565,0,0,0
390,1.23637759,0,0,0
1395,1.721453287,0,0,0
259,1.016776076,0,0,0
182,1.218503937,0,0,0
67,1.074074074,0,0,0
533,1.277251185,0,0,0
87,2.613138686,0,0,0
148,1.2,0,0,0
128,1.612676056,0,0,0
629,2.378524946,0,0,0
564,1.157894737,0,0,0
312,0.813471503,0,1,0
945,2.88863109,0,0,0
220,1.123558484,0,0,0
380,1.660287081,0,1,0
111,2.170022371,0,0,0
103,1.032036613,0,0,0
47,0.612836439,0,1,0
87,1.027160494,0,0,0
104,1.06095791,0,1,0
211,1.290123457,0,0,0
316,3796.992481,0,1,0
